F606W: 0.77740
F814W: 0.75288
F115W: 0.34285
F150W: 0.15459
F200W: 0.15078
F277W: 0.15743
F356W: 0.40868
F410M: 0.27079

Overall scaling: 0.37692 ± 0.24081
Based on 8 filters