combo_index,num_sources,veto_snr,star_cut,color1_min,color2_max,color2_min,color3_intercept,color3_slope,snr_threshold
0,1,2,0.8,0.5,0.5,-1.5,0.3,0.3,4
1,1,2,0.8,0.5,0.5,-1.5,0.3,0.3,5
2,1,2,0.8,0.5,0.5,-1.5,0.3,0.3,6
3,1,2,0.8,0.5,0.5,-1.5,0.3,0.44,4
4,1,2,0.8,0.5,0.5,-1.5,0.3,0.44,5
5,1,2,0.8,0.5,0.5,-1.5,0.3,0.44,6
6,1,2,0.8,0.5,0.5,-1.5,0.3,0.6,4
7,1,2,0.8,0.5,0.5,-1.5,0.3,0.6,5
8,1,2,0.8,0.5,0.5,-1.5,0.3,0.6,6
9,0,2,0.8,0.5,0.5,-1.5,0.65,0.3,4
10,0,2,0.8,0.5,0.5,-1.5,0.65,0.3,5
11,0,2,0.8,0.5,0.5,-1.5,0.65,0.3,6
12,0,2,0.8,0.5,0.5,-1.5,0.65,0.44,4
13,0,2,0.8,0.5,0.5,-1.5,0.65,0.44,5
14,0,2,0.8,0.5,0.5,-1.5,0.65,0.44,6
15,0,2,0.8,0.5,0.5,-1.5,0.65,0.6,4
16,0,2,0.8,0.5,0.5,-1.5,0.65,0.6,5
17,0,2,0.8,0.5,0.5,-1.5,0.65,0.6,6
18,0,2,0.8,0.5,0.5,-1.5,1.0,0.3,4
19,0,2,0.8,0.5,0.5,-1.5,1.0,0.3,5
20,0,2,0.8,0.5,0.5,-1.5,1.0,0.3,6
21,0,2,0.8,0.5,0.5,-1.5,1.0,0.44,4
22,0,2,0.8,0.5,0.5,-1.5,1.0,0.44,5
23,0,2,0.8,0.5,0.5,-1.5,1.0,0.44,6
24,0,2,0.8,0.5,0.5,-1.5,1.0,0.6,4
25,0,2,0.8,0.5,0.5,-1.5,1.0,0.6,5
26,0,2,0.8,0.5,0.5,-1.5,1.0,0.6,6
27,1,2,0.8,0.5,0.5,-1.0,0.3,0.3,4
28,1,2,0.8,0.5,0.5,-1.0,0.3,0.3,5
29,1,2,0.8,0.5,0.5,-1.0,0.3,0.3,6
30,1,2,0.8,0.5,0.5,-1.0,0.3,0.44,4
31,1,2,0.8,0.5,0.5,-1.0,0.3,0.44,5
32,1,2,0.8,0.5,0.5,-1.0,0.3,0.44,6
33,1,2,0.8,0.5,0.5,-1.0,0.3,0.6,4
34,1,2,0.8,0.5,0.5,-1.0,0.3,0.6,5
35,1,2,0.8,0.5,0.5,-1.0,0.3,0.6,6
36,0,2,0.8,0.5,0.5,-1.0,0.65,0.3,4
37,0,2,0.8,0.5,0.5,-1.0,0.65,0.3,5
38,0,2,0.8,0.5,0.5,-1.0,0.65,0.3,6
39,0,2,0.8,0.5,0.5,-1.0,0.65,0.44,4
40,0,2,0.8,0.5,0.5,-1.0,0.65,0.44,5
41,0,2,0.8,0.5,0.5,-1.0,0.65,0.44,6
42,0,2,0.8,0.5,0.5,-1.0,0.65,0.6,4
43,0,2,0.8,0.5,0.5,-1.0,0.65,0.6,5
44,0,2,0.8,0.5,0.5,-1.0,0.65,0.6,6
45,0,2,0.8,0.5,0.5,-1.0,1.0,0.3,4
46,0,2,0.8,0.5,0.5,-1.0,1.0,0.3,5
47,0,2,0.8,0.5,0.5,-1.0,1.0,0.3,6
48,0,2,0.8,0.5,0.5,-1.0,1.0,0.44,4
49,0,2,0.8,0.5,0.5,-1.0,1.0,0.44,5
50,0,2,0.8,0.5,0.5,-1.0,1.0,0.44,6
51,0,2,0.8,0.5,0.5,-1.0,1.0,0.6,4
52,0,2,0.8,0.5,0.5,-1.0,1.0,0.6,5
53,0,2,0.8,0.5,0.5,-1.0,1.0,0.6,6
54,1,2,0.8,0.5,0.5,-0.5,0.3,0.3,4
55,1,2,0.8,0.5,0.5,-0.5,0.3,0.3,5
56,1,2,0.8,0.5,0.5,-0.5,0.3,0.3,6
57,1,2,0.8,0.5,0.5,-0.5,0.3,0.44,4
58,1,2,0.8,0.5,0.5,-0.5,0.3,0.44,5
59,1,2,0.8,0.5,0.5,-0.5,0.3,0.44,6
60,1,2,0.8,0.5,0.5,-0.5,0.3,0.6,4
61,1,2,0.8,0.5,0.5,-0.5,0.3,0.6,5
62,1,2,0.8,0.5,0.5,-0.5,0.3,0.6,6
63,0,2,0.8,0.5,0.5,-0.5,0.65,0.3,4
64,0,2,0.8,0.5,0.5,-0.5,0.65,0.3,5
65,0,2,0.8,0.5,0.5,-0.5,0.65,0.3,6
66,0,2,0.8,0.5,0.5,-0.5,0.65,0.44,4
67,0,2,0.8,0.5,0.5,-0.5,0.65,0.44,5
68,0,2,0.8,0.5,0.5,-0.5,0.65,0.44,6
69,0,2,0.8,0.5,0.5,-0.5,0.65,0.6,4
70,0,2,0.8,0.5,0.5,-0.5,0.65,0.6,5
71,0,2,0.8,0.5,0.5,-0.5,0.65,0.6,6
72,0,2,0.8,0.5,0.5,-0.5,1.0,0.3,4
73,0,2,0.8,0.5,0.5,-0.5,1.0,0.3,5
74,0,2,0.8,0.5,0.5,-0.5,1.0,0.3,6
75,0,2,0.8,0.5,0.5,-0.5,1.0,0.44,4
76,0,2,0.8,0.5,0.5,-0.5,1.0,0.44,5
77,0,2,0.8,0.5,0.5,-0.5,1.0,0.44,6
78,0,2,0.8,0.5,0.5,-0.5,1.0,0.6,4
79,0,2,0.8,0.5,0.5,-0.5,1.0,0.6,5
80,0,2,0.8,0.5,0.5,-0.5,1.0,0.6,6
81,1,2,0.8,0.5,1.0,-1.5,0.3,0.3,4
82,1,2,0.8,0.5,1.0,-1.5,0.3,0.3,5
83,1,2,0.8,0.5,1.0,-1.5,0.3,0.3,6
84,1,2,0.8,0.5,1.0,-1.5,0.3,0.44,4
85,1,2,0.8,0.5,1.0,-1.5,0.3,0.44,5
86,1,2,0.8,0.5,1.0,-1.5,0.3,0.44,6
87,1,2,0.8,0.5,1.0,-1.5,0.3,0.6,4
88,1,2,0.8,0.5,1.0,-1.5,0.3,0.6,5
89,1,2,0.8,0.5,1.0,-1.5,0.3,0.6,6
90,0,2,0.8,0.5,1.0,-1.5,0.65,0.3,4
91,0,2,0.8,0.5,1.0,-1.5,0.65,0.3,5
92,0,2,0.8,0.5,1.0,-1.5,0.65,0.3,6
93,0,2,0.8,0.5,1.0,-1.5,0.65,0.44,4
94,0,2,0.8,0.5,1.0,-1.5,0.65,0.44,5
95,0,2,0.8,0.5,1.0,-1.5,0.65,0.44,6
96,0,2,0.8,0.5,1.0,-1.5,0.65,0.6,4
97,0,2,0.8,0.5,1.0,-1.5,0.65,0.6,5
98,0,2,0.8,0.5,1.0,-1.5,0.65,0.6,6
99,0,2,0.8,0.5,1.0,-1.5,1.0,0.3,4
100,0,2,0.8,0.5,1.0,-1.5,1.0,0.3,5
101,0,2,0.8,0.5,1.0,-1.5,1.0,0.3,6
102,0,2,0.8,0.5,1.0,-1.5,1.0,0.44,4
103,0,2,0.8,0.5,1.0,-1.5,1.0,0.44,5
104,0,2,0.8,0.5,1.0,-1.5,1.0,0.44,6
105,0,2,0.8,0.5,1.0,-1.5,1.0,0.6,4
106,0,2,0.8,0.5,1.0,-1.5,1.0,0.6,5
107,0,2,0.8,0.5,1.0,-1.5,1.0,0.6,6
108,1,2,0.8,0.5,1.0,-1.0,0.3,0.3,4
109,1,2,0.8,0.5,1.0,-1.0,0.3,0.3,5
110,1,2,0.8,0.5,1.0,-1.0,0.3,0.3,6
111,1,2,0.8,0.5,1.0,-1.0,0.3,0.44,4
112,1,2,0.8,0.5,1.0,-1.0,0.3,0.44,5
113,1,2,0.8,0.5,1.0,-1.0,0.3,0.44,6
114,1,2,0.8,0.5,1.0,-1.0,0.3,0.6,4
115,1,2,0.8,0.5,1.0,-1.0,0.3,0.6,5
116,1,2,0.8,0.5,1.0,-1.0,0.3,0.6,6
117,0,2,0.8,0.5,1.0,-1.0,0.65,0.3,4
118,0,2,0.8,0.5,1.0,-1.0,0.65,0.3,5
119,0,2,0.8,0.5,1.0,-1.0,0.65,0.3,6
120,0,2,0.8,0.5,1.0,-1.0,0.65,0.44,4
121,0,2,0.8,0.5,1.0,-1.0,0.65,0.44,5
122,0,2,0.8,0.5,1.0,-1.0,0.65,0.44,6
123,0,2,0.8,0.5,1.0,-1.0,0.65,0.6,4
124,0,2,0.8,0.5,1.0,-1.0,0.65,0.6,5
125,0,2,0.8,0.5,1.0,-1.0,0.65,0.6,6
126,0,2,0.8,0.5,1.0,-1.0,1.0,0.3,4
127,0,2,0.8,0.5,1.0,-1.0,1.0,0.3,5
128,0,2,0.8,0.5,1.0,-1.0,1.0,0.3,6
129,0,2,0.8,0.5,1.0,-1.0,1.0,0.44,4
130,0,2,0.8,0.5,1.0,-1.0,1.0,0.44,5
131,0,2,0.8,0.5,1.0,-1.0,1.0,0.44,6
132,0,2,0.8,0.5,1.0,-1.0,1.0,0.6,4
133,0,2,0.8,0.5,1.0,-1.0,1.0,0.6,5
134,0,2,0.8,0.5,1.0,-1.0,1.0,0.6,6
135,1,2,0.8,0.5,1.0,-0.5,0.3,0.3,4
136,1,2,0.8,0.5,1.0,-0.5,0.3,0.3,5
137,1,2,0.8,0.5,1.0,-0.5,0.3,0.3,6
138,1,2,0.8,0.5,1.0,-0.5,0.3,0.44,4
139,1,2,0.8,0.5,1.0,-0.5,0.3,0.44,5
140,1,2,0.8,0.5,1.0,-0.5,0.3,0.44,6
141,1,2,0.8,0.5,1.0,-0.5,0.3,0.6,4
142,1,2,0.8,0.5,1.0,-0.5,0.3,0.6,5
143,1,2,0.8,0.5,1.0,-0.5,0.3,0.6,6
144,0,2,0.8,0.5,1.0,-0.5,0.65,0.3,4
145,0,2,0.8,0.5,1.0,-0.5,0.65,0.3,5
146,0,2,0.8,0.5,1.0,-0.5,0.65,0.3,6
147,0,2,0.8,0.5,1.0,-0.5,0.65,0.44,4
148,0,2,0.8,0.5,1.0,-0.5,0.65,0.44,5
149,0,2,0.8,0.5,1.0,-0.5,0.65,0.44,6
150,0,2,0.8,0.5,1.0,-0.5,0.65,0.6,4
151,0,2,0.8,0.5,1.0,-0.5,0.65,0.6,5
152,0,2,0.8,0.5,1.0,-0.5,0.65,0.6,6
153,0,2,0.8,0.5,1.0,-0.5,1.0,0.3,4
154,0,2,0.8,0.5,1.0,-0.5,1.0,0.3,5
155,0,2,0.8,0.5,1.0,-0.5,1.0,0.3,6
156,0,2,0.8,0.5,1.0,-0.5,1.0,0.44,4
157,0,2,0.8,0.5,1.0,-0.5,1.0,0.44,5
158,0,2,0.8,0.5,1.0,-0.5,1.0,0.44,6
159,0,2,0.8,0.5,1.0,-0.5,1.0,0.6,4
160,0,2,0.8,0.5,1.0,-0.5,1.0,0.6,5
161,0,2,0.8,0.5,1.0,-0.5,1.0,0.6,6
162,1,2,0.8,0.5,1.5,-1.5,0.3,0.3,4
163,1,2,0.8,0.5,1.5,-1.5,0.3,0.3,5
164,1,2,0.8,0.5,1.5,-1.5,0.3,0.3,6
165,1,2,0.8,0.5,1.5,-1.5,0.3,0.44,4
166,1,2,0.8,0.5,1.5,-1.5,0.3,0.44,5
167,1,2,0.8,0.5,1.5,-1.5,0.3,0.44,6
168,1,2,0.8,0.5,1.5,-1.5,0.3,0.6,4
169,1,2,0.8,0.5,1.5,-1.5,0.3,0.6,5
170,1,2,0.8,0.5,1.5,-1.5,0.3,0.6,6
171,0,2,0.8,0.5,1.5,-1.5,0.65,0.3,4
172,0,2,0.8,0.5,1.5,-1.5,0.65,0.3,5
173,0,2,0.8,0.5,1.5,-1.5,0.65,0.3,6
174,0,2,0.8,0.5,1.5,-1.5,0.65,0.44,4
175,0,2,0.8,0.5,1.5,-1.5,0.65,0.44,5
176,0,2,0.8,0.5,1.5,-1.5,0.65,0.44,6
177,0,2,0.8,0.5,1.5,-1.5,0.65,0.6,4
178,0,2,0.8,0.5,1.5,-1.5,0.65,0.6,5
179,0,2,0.8,0.5,1.5,-1.5,0.65,0.6,6
180,0,2,0.8,0.5,1.5,-1.5,1.0,0.3,4
181,0,2,0.8,0.5,1.5,-1.5,1.0,0.3,5
182,0,2,0.8,0.5,1.5,-1.5,1.0,0.3,6
183,0,2,0.8,0.5,1.5,-1.5,1.0,0.44,4
184,0,2,0.8,0.5,1.5,-1.5,1.0,0.44,5
185,0,2,0.8,0.5,1.5,-1.5,1.0,0.44,6
186,0,2,0.8,0.5,1.5,-1.5,1.0,0.6,4
187,0,2,0.8,0.5,1.5,-1.5,1.0,0.6,5
188,0,2,0.8,0.5,1.5,-1.5,1.0,0.6,6
189,1,2,0.8,0.5,1.5,-1.0,0.3,0.3,4
190,1,2,0.8,0.5,1.5,-1.0,0.3,0.3,5
191,1,2,0.8,0.5,1.5,-1.0,0.3,0.3,6
192,1,2,0.8,0.5,1.5,-1.0,0.3,0.44,4
193,1,2,0.8,0.5,1.5,-1.0,0.3,0.44,5
194,1,2,0.8,0.5,1.5,-1.0,0.3,0.44,6
195,1,2,0.8,0.5,1.5,-1.0,0.3,0.6,4
196,1,2,0.8,0.5,1.5,-1.0,0.3,0.6,5
197,1,2,0.8,0.5,1.5,-1.0,0.3,0.6,6
198,0,2,0.8,0.5,1.5,-1.0,0.65,0.3,4
199,0,2,0.8,0.5,1.5,-1.0,0.65,0.3,5
200,0,2,0.8,0.5,1.5,-1.0,0.65,0.3,6
201,0,2,0.8,0.5,1.5,-1.0,0.65,0.44,4
202,0,2,0.8,0.5,1.5,-1.0,0.65,0.44,5
203,0,2,0.8,0.5,1.5,-1.0,0.65,0.44,6
204,0,2,0.8,0.5,1.5,-1.0,0.65,0.6,4
205,0,2,0.8,0.5,1.5,-1.0,0.65,0.6,5
206,0,2,0.8,0.5,1.5,-1.0,0.65,0.6,6
207,0,2,0.8,0.5,1.5,-1.0,1.0,0.3,4
208,0,2,0.8,0.5,1.5,-1.0,1.0,0.3,5
209,0,2,0.8,0.5,1.5,-1.0,1.0,0.3,6
210,0,2,0.8,0.5,1.5,-1.0,1.0,0.44,4
211,0,2,0.8,0.5,1.5,-1.0,1.0,0.44,5
212,0,2,0.8,0.5,1.5,-1.0,1.0,0.44,6
213,0,2,0.8,0.5,1.5,-1.0,1.0,0.6,4
214,0,2,0.8,0.5,1.5,-1.0,1.0,0.6,5
215,0,2,0.8,0.5,1.5,-1.0,1.0,0.6,6
216,1,2,0.8,0.5,1.5,-0.5,0.3,0.3,4
217,1,2,0.8,0.5,1.5,-0.5,0.3,0.3,5
218,1,2,0.8,0.5,1.5,-0.5,0.3,0.3,6
219,1,2,0.8,0.5,1.5,-0.5,0.3,0.44,4
220,1,2,0.8,0.5,1.5,-0.5,0.3,0.44,5
221,1,2,0.8,0.5,1.5,-0.5,0.3,0.44,6
222,1,2,0.8,0.5,1.5,-0.5,0.3,0.6,4
223,1,2,0.8,0.5,1.5,-0.5,0.3,0.6,5
224,1,2,0.8,0.5,1.5,-0.5,0.3,0.6,6
225,0,2,0.8,0.5,1.5,-0.5,0.65,0.3,4
226,0,2,0.8,0.5,1.5,-0.5,0.65,0.3,5
227,0,2,0.8,0.5,1.5,-0.5,0.65,0.3,6
228,0,2,0.8,0.5,1.5,-0.5,0.65,0.44,4
229,0,2,0.8,0.5,1.5,-0.5,0.65,0.44,5
230,0,2,0.8,0.5,1.5,-0.5,0.65,0.44,6
231,0,2,0.8,0.5,1.5,-0.5,0.65,0.6,4
232,0,2,0.8,0.5,1.5,-0.5,0.65,0.6,5
233,0,2,0.8,0.5,1.5,-0.5,0.65,0.6,6
234,0,2,0.8,0.5,1.5,-0.5,1.0,0.3,4
235,0,2,0.8,0.5,1.5,-0.5,1.0,0.3,5
236,0,2,0.8,0.5,1.5,-0.5,1.0,0.3,6
237,0,2,0.8,0.5,1.5,-0.5,1.0,0.44,4
238,0,2,0.8,0.5,1.5,-0.5,1.0,0.44,5
239,0,2,0.8,0.5,1.5,-0.5,1.0,0.44,6
240,0,2,0.8,0.5,1.5,-0.5,1.0,0.6,4
241,0,2,0.8,0.5,1.5,-0.5,1.0,0.6,5
242,0,2,0.8,0.5,1.5,-0.5,1.0,0.6,6
243,0,2,0.8,0.75,0.5,-1.5,0.3,0.3,4
244,0,2,0.8,0.75,0.5,-1.5,0.3,0.3,5
245,0,2,0.8,0.75,0.5,-1.5,0.3,0.3,6
246,0,2,0.8,0.75,0.5,-1.5,0.3,0.44,4
247,0,2,0.8,0.75,0.5,-1.5,0.3,0.44,5
248,0,2,0.8,0.75,0.5,-1.5,0.3,0.44,6
249,0,2,0.8,0.75,0.5,-1.5,0.3,0.6,4
250,0,2,0.8,0.75,0.5,-1.5,0.3,0.6,5
251,0,2,0.8,0.75,0.5,-1.5,0.3,0.6,6
252,0,2,0.8,0.75,0.5,-1.5,0.65,0.3,4
253,0,2,0.8,0.75,0.5,-1.5,0.65,0.3,5
254,0,2,0.8,0.75,0.5,-1.5,0.65,0.3,6
255,0,2,0.8,0.75,0.5,-1.5,0.65,0.44,4
256,0,2,0.8,0.75,0.5,-1.5,0.65,0.44,5
257,0,2,0.8,0.75,0.5,-1.5,0.65,0.44,6
258,0,2,0.8,0.75,0.5,-1.5,0.65,0.6,4
259,0,2,0.8,0.75,0.5,-1.5,0.65,0.6,5
260,0,2,0.8,0.75,0.5,-1.5,0.65,0.6,6
261,0,2,0.8,0.75,0.5,-1.5,1.0,0.3,4
262,0,2,0.8,0.75,0.5,-1.5,1.0,0.3,5
263,0,2,0.8,0.75,0.5,-1.5,1.0,0.3,6
264,0,2,0.8,0.75,0.5,-1.5,1.0,0.44,4
265,0,2,0.8,0.75,0.5,-1.5,1.0,0.44,5
266,0,2,0.8,0.75,0.5,-1.5,1.0,0.44,6
267,0,2,0.8,0.75,0.5,-1.5,1.0,0.6,4
268,0,2,0.8,0.75,0.5,-1.5,1.0,0.6,5
269,0,2,0.8,0.75,0.5,-1.5,1.0,0.6,6
270,0,2,0.8,0.75,0.5,-1.0,0.3,0.3,4
271,0,2,0.8,0.75,0.5,-1.0,0.3,0.3,5
272,0,2,0.8,0.75,0.5,-1.0,0.3,0.3,6
273,0,2,0.8,0.75,0.5,-1.0,0.3,0.44,4
274,0,2,0.8,0.75,0.5,-1.0,0.3,0.44,5
275,0,2,0.8,0.75,0.5,-1.0,0.3,0.44,6
276,0,2,0.8,0.75,0.5,-1.0,0.3,0.6,4
277,0,2,0.8,0.75,0.5,-1.0,0.3,0.6,5
278,0,2,0.8,0.75,0.5,-1.0,0.3,0.6,6
279,0,2,0.8,0.75,0.5,-1.0,0.65,0.3,4
280,0,2,0.8,0.75,0.5,-1.0,0.65,0.3,5
281,0,2,0.8,0.75,0.5,-1.0,0.65,0.3,6
282,0,2,0.8,0.75,0.5,-1.0,0.65,0.44,4
283,0,2,0.8,0.75,0.5,-1.0,0.65,0.44,5
284,0,2,0.8,0.75,0.5,-1.0,0.65,0.44,6
285,0,2,0.8,0.75,0.5,-1.0,0.65,0.6,4
286,0,2,0.8,0.75,0.5,-1.0,0.65,0.6,5
287,0,2,0.8,0.75,0.5,-1.0,0.65,0.6,6
288,0,2,0.8,0.75,0.5,-1.0,1.0,0.3,4
289,0,2,0.8,0.75,0.5,-1.0,1.0,0.3,5
290,0,2,0.8,0.75,0.5,-1.0,1.0,0.3,6
291,0,2,0.8,0.75,0.5,-1.0,1.0,0.44,4
292,0,2,0.8,0.75,0.5,-1.0,1.0,0.44,5
293,0,2,0.8,0.75,0.5,-1.0,1.0,0.44,6
294,0,2,0.8,0.75,0.5,-1.0,1.0,0.6,4
295,0,2,0.8,0.75,0.5,-1.0,1.0,0.6,5
296,0,2,0.8,0.75,0.5,-1.0,1.0,0.6,6
297,0,2,0.8,0.75,0.5,-0.5,0.3,0.3,4
298,0,2,0.8,0.75,0.5,-0.5,0.3,0.3,5
299,0,2,0.8,0.75,0.5,-0.5,0.3,0.3,6
300,0,2,0.8,0.75,0.5,-0.5,0.3,0.44,4
301,0,2,0.8,0.75,0.5,-0.5,0.3,0.44,5
302,0,2,0.8,0.75,0.5,-0.5,0.3,0.44,6
303,0,2,0.8,0.75,0.5,-0.5,0.3,0.6,4
304,0,2,0.8,0.75,0.5,-0.5,0.3,0.6,5
305,0,2,0.8,0.75,0.5,-0.5,0.3,0.6,6
306,0,2,0.8,0.75,0.5,-0.5,0.65,0.3,4
307,0,2,0.8,0.75,0.5,-0.5,0.65,0.3,5
308,0,2,0.8,0.75,0.5,-0.5,0.65,0.3,6
309,0,2,0.8,0.75,0.5,-0.5,0.65,0.44,4
310,0,2,0.8,0.75,0.5,-0.5,0.65,0.44,5
311,0,2,0.8,0.75,0.5,-0.5,0.65,0.44,6
312,0,2,0.8,0.75,0.5,-0.5,0.65,0.6,4
313,0,2,0.8,0.75,0.5,-0.5,0.65,0.6,5
314,0,2,0.8,0.75,0.5,-0.5,0.65,0.6,6
315,0,2,0.8,0.75,0.5,-0.5,1.0,0.3,4
316,0,2,0.8,0.75,0.5,-0.5,1.0,0.3,5
317,0,2,0.8,0.75,0.5,-0.5,1.0,0.3,6
318,0,2,0.8,0.75,0.5,-0.5,1.0,0.44,4
319,0,2,0.8,0.75,0.5,-0.5,1.0,0.44,5
320,0,2,0.8,0.75,0.5,-0.5,1.0,0.44,6
321,0,2,0.8,0.75,0.5,-0.5,1.0,0.6,4
322,0,2,0.8,0.75,0.5,-0.5,1.0,0.6,5
323,0,2,0.8,0.75,0.5,-0.5,1.0,0.6,6
324,0,2,0.8,0.75,1.0,-1.5,0.3,0.3,4
325,0,2,0.8,0.75,1.0,-1.5,0.3,0.3,5
326,0,2,0.8,0.75,1.0,-1.5,0.3,0.3,6
327,0,2,0.8,0.75,1.0,-1.5,0.3,0.44,4
328,0,2,0.8,0.75,1.0,-1.5,0.3,0.44,5
329,0,2,0.8,0.75,1.0,-1.5,0.3,0.44,6
330,0,2,0.8,0.75,1.0,-1.5,0.3,0.6,4
331,0,2,0.8,0.75,1.0,-1.5,0.3,0.6,5
332,0,2,0.8,0.75,1.0,-1.5,0.3,0.6,6
333,0,2,0.8,0.75,1.0,-1.5,0.65,0.3,4
334,0,2,0.8,0.75,1.0,-1.5,0.65,0.3,5
335,0,2,0.8,0.75,1.0,-1.5,0.65,0.3,6
336,0,2,0.8,0.75,1.0,-1.5,0.65,0.44,4
337,0,2,0.8,0.75,1.0,-1.5,0.65,0.44,5
338,0,2,0.8,0.75,1.0,-1.5,0.65,0.44,6
339,0,2,0.8,0.75,1.0,-1.5,0.65,0.6,4
340,0,2,0.8,0.75,1.0,-1.5,0.65,0.6,5
341,0,2,0.8,0.75,1.0,-1.5,0.65,0.6,6
342,0,2,0.8,0.75,1.0,-1.5,1.0,0.3,4
343,0,2,0.8,0.75,1.0,-1.5,1.0,0.3,5
344,0,2,0.8,0.75,1.0,-1.5,1.0,0.3,6
345,0,2,0.8,0.75,1.0,-1.5,1.0,0.44,4
346,0,2,0.8,0.75,1.0,-1.5,1.0,0.44,5
347,0,2,0.8,0.75,1.0,-1.5,1.0,0.44,6
348,0,2,0.8,0.75,1.0,-1.5,1.0,0.6,4
349,0,2,0.8,0.75,1.0,-1.5,1.0,0.6,5
350,0,2,0.8,0.75,1.0,-1.5,1.0,0.6,6
351,0,2,0.8,0.75,1.0,-1.0,0.3,0.3,4
352,0,2,0.8,0.75,1.0,-1.0,0.3,0.3,5
353,0,2,0.8,0.75,1.0,-1.0,0.3,0.3,6
354,0,2,0.8,0.75,1.0,-1.0,0.3,0.44,4
355,0,2,0.8,0.75,1.0,-1.0,0.3,0.44,5
356,0,2,0.8,0.75,1.0,-1.0,0.3,0.44,6
357,0,2,0.8,0.75,1.0,-1.0,0.3,0.6,4
358,0,2,0.8,0.75,1.0,-1.0,0.3,0.6,5
359,0,2,0.8,0.75,1.0,-1.0,0.3,0.6,6
360,0,2,0.8,0.75,1.0,-1.0,0.65,0.3,4
361,0,2,0.8,0.75,1.0,-1.0,0.65,0.3,5
362,0,2,0.8,0.75,1.0,-1.0,0.65,0.3,6
363,0,2,0.8,0.75,1.0,-1.0,0.65,0.44,4
364,0,2,0.8,0.75,1.0,-1.0,0.65,0.44,5
365,0,2,0.8,0.75,1.0,-1.0,0.65,0.44,6
366,0,2,0.8,0.75,1.0,-1.0,0.65,0.6,4
367,0,2,0.8,0.75,1.0,-1.0,0.65,0.6,5
368,0,2,0.8,0.75,1.0,-1.0,0.65,0.6,6
369,0,2,0.8,0.75,1.0,-1.0,1.0,0.3,4
370,0,2,0.8,0.75,1.0,-1.0,1.0,0.3,5
371,0,2,0.8,0.75,1.0,-1.0,1.0,0.3,6
372,0,2,0.8,0.75,1.0,-1.0,1.0,0.44,4
373,0,2,0.8,0.75,1.0,-1.0,1.0,0.44,5
374,0,2,0.8,0.75,1.0,-1.0,1.0,0.44,6
375,0,2,0.8,0.75,1.0,-1.0,1.0,0.6,4
376,0,2,0.8,0.75,1.0,-1.0,1.0,0.6,5
377,0,2,0.8,0.75,1.0,-1.0,1.0,0.6,6
378,0,2,0.8,0.75,1.0,-0.5,0.3,0.3,4
379,0,2,0.8,0.75,1.0,-0.5,0.3,0.3,5
380,0,2,0.8,0.75,1.0,-0.5,0.3,0.3,6
381,0,2,0.8,0.75,1.0,-0.5,0.3,0.44,4
382,0,2,0.8,0.75,1.0,-0.5,0.3,0.44,5
383,0,2,0.8,0.75,1.0,-0.5,0.3,0.44,6
384,0,2,0.8,0.75,1.0,-0.5,0.3,0.6,4
385,0,2,0.8,0.75,1.0,-0.5,0.3,0.6,5
386,0,2,0.8,0.75,1.0,-0.5,0.3,0.6,6
387,0,2,0.8,0.75,1.0,-0.5,0.65,0.3,4
388,0,2,0.8,0.75,1.0,-0.5,0.65,0.3,5
389,0,2,0.8,0.75,1.0,-0.5,0.65,0.3,6
390,0,2,0.8,0.75,1.0,-0.5,0.65,0.44,4
391,0,2,0.8,0.75,1.0,-0.5,0.65,0.44,5
392,0,2,0.8,0.75,1.0,-0.5,0.65,0.44,6
393,0,2,0.8,0.75,1.0,-0.5,0.65,0.6,4
394,0,2,0.8,0.75,1.0,-0.5,0.65,0.6,5
395,0,2,0.8,0.75,1.0,-0.5,0.65,0.6,6
396,0,2,0.8,0.75,1.0,-0.5,1.0,0.3,4
397,0,2,0.8,0.75,1.0,-0.5,1.0,0.3,5
398,0,2,0.8,0.75,1.0,-0.5,1.0,0.3,6
399,0,2,0.8,0.75,1.0,-0.5,1.0,0.44,4
400,0,2,0.8,0.75,1.0,-0.5,1.0,0.44,5
401,0,2,0.8,0.75,1.0,-0.5,1.0,0.44,6
402,0,2,0.8,0.75,1.0,-0.5,1.0,0.6,4
403,0,2,0.8,0.75,1.0,-0.5,1.0,0.6,5
404,0,2,0.8,0.75,1.0,-0.5,1.0,0.6,6
405,0,2,0.8,0.75,1.5,-1.5,0.3,0.3,4
406,0,2,0.8,0.75,1.5,-1.5,0.3,0.3,5
407,0,2,0.8,0.75,1.5,-1.5,0.3,0.3,6
408,0,2,0.8,0.75,1.5,-1.5,0.3,0.44,4
409,0,2,0.8,0.75,1.5,-1.5,0.3,0.44,5
410,0,2,0.8,0.75,1.5,-1.5,0.3,0.44,6
411,0,2,0.8,0.75,1.5,-1.5,0.3,0.6,4
412,0,2,0.8,0.75,1.5,-1.5,0.3,0.6,5
413,0,2,0.8,0.75,1.5,-1.5,0.3,0.6,6
414,0,2,0.8,0.75,1.5,-1.5,0.65,0.3,4
415,0,2,0.8,0.75,1.5,-1.5,0.65,0.3,5
416,0,2,0.8,0.75,1.5,-1.5,0.65,0.3,6
417,0,2,0.8,0.75,1.5,-1.5,0.65,0.44,4
418,0,2,0.8,0.75,1.5,-1.5,0.65,0.44,5
419,0,2,0.8,0.75,1.5,-1.5,0.65,0.44,6
420,0,2,0.8,0.75,1.5,-1.5,0.65,0.6,4
421,0,2,0.8,0.75,1.5,-1.5,0.65,0.6,5
422,0,2,0.8,0.75,1.5,-1.5,0.65,0.6,6
423,0,2,0.8,0.75,1.5,-1.5,1.0,0.3,4
424,0,2,0.8,0.75,1.5,-1.5,1.0,0.3,5
425,0,2,0.8,0.75,1.5,-1.5,1.0,0.3,6
426,0,2,0.8,0.75,1.5,-1.5,1.0,0.44,4
427,0,2,0.8,0.75,1.5,-1.5,1.0,0.44,5
428,0,2,0.8,0.75,1.5,-1.5,1.0,0.44,6
429,0,2,0.8,0.75,1.5,-1.5,1.0,0.6,4
430,0,2,0.8,0.75,1.5,-1.5,1.0,0.6,5
431,0,2,0.8,0.75,1.5,-1.5,1.0,0.6,6
432,0,2,0.8,0.75,1.5,-1.0,0.3,0.3,4
433,0,2,0.8,0.75,1.5,-1.0,0.3,0.3,5
434,0,2,0.8,0.75,1.5,-1.0,0.3,0.3,6
435,0,2,0.8,0.75,1.5,-1.0,0.3,0.44,4
436,0,2,0.8,0.75,1.5,-1.0,0.3,0.44,5
437,0,2,0.8,0.75,1.5,-1.0,0.3,0.44,6
438,0,2,0.8,0.75,1.5,-1.0,0.3,0.6,4
439,0,2,0.8,0.75,1.5,-1.0,0.3,0.6,5
440,0,2,0.8,0.75,1.5,-1.0,0.3,0.6,6
441,0,2,0.8,0.75,1.5,-1.0,0.65,0.3,4
442,0,2,0.8,0.75,1.5,-1.0,0.65,0.3,5
443,0,2,0.8,0.75,1.5,-1.0,0.65,0.3,6
444,0,2,0.8,0.75,1.5,-1.0,0.65,0.44,4
445,0,2,0.8,0.75,1.5,-1.0,0.65,0.44,5
446,0,2,0.8,0.75,1.5,-1.0,0.65,0.44,6
447,0,2,0.8,0.75,1.5,-1.0,0.65,0.6,4
448,0,2,0.8,0.75,1.5,-1.0,0.65,0.6,5
449,0,2,0.8,0.75,1.5,-1.0,0.65,0.6,6
450,0,2,0.8,0.75,1.5,-1.0,1.0,0.3,4
451,0,2,0.8,0.75,1.5,-1.0,1.0,0.3,5
452,0,2,0.8,0.75,1.5,-1.0,1.0,0.3,6
453,0,2,0.8,0.75,1.5,-1.0,1.0,0.44,4
454,0,2,0.8,0.75,1.5,-1.0,1.0,0.44,5
455,0,2,0.8,0.75,1.5,-1.0,1.0,0.44,6
456,0,2,0.8,0.75,1.5,-1.0,1.0,0.6,4
457,0,2,0.8,0.75,1.5,-1.0,1.0,0.6,5
458,0,2,0.8,0.75,1.5,-1.0,1.0,0.6,6
459,0,2,0.8,0.75,1.5,-0.5,0.3,0.3,4
460,0,2,0.8,0.75,1.5,-0.5,0.3,0.3,5
461,0,2,0.8,0.75,1.5,-0.5,0.3,0.3,6
462,0,2,0.8,0.75,1.5,-0.5,0.3,0.44,4
463,0,2,0.8,0.75,1.5,-0.5,0.3,0.44,5
464,0,2,0.8,0.75,1.5,-0.5,0.3,0.44,6
465,0,2,0.8,0.75,1.5,-0.5,0.3,0.6,4
466,0,2,0.8,0.75,1.5,-0.5,0.3,0.6,5
467,0,2,0.8,0.75,1.5,-0.5,0.3,0.6,6
468,0,2,0.8,0.75,1.5,-0.5,0.65,0.3,4
469,0,2,0.8,0.75,1.5,-0.5,0.65,0.3,5
470,0,2,0.8,0.75,1.5,-0.5,0.65,0.3,6
471,0,2,0.8,0.75,1.5,-0.5,0.65,0.44,4
472,0,2,0.8,0.75,1.5,-0.5,0.65,0.44,5
473,0,2,0.8,0.75,1.5,-0.5,0.65,0.44,6
474,0,2,0.8,0.75,1.5,-0.5,0.65,0.6,4
475,0,2,0.8,0.75,1.5,-0.5,0.65,0.6,5
476,0,2,0.8,0.75,1.5,-0.5,0.65,0.6,6
477,0,2,0.8,0.75,1.5,-0.5,1.0,0.3,4
478,0,2,0.8,0.75,1.5,-0.5,1.0,0.3,5
479,0,2,0.8,0.75,1.5,-0.5,1.0,0.3,6
480,0,2,0.8,0.75,1.5,-0.5,1.0,0.44,4
481,0,2,0.8,0.75,1.5,-0.5,1.0,0.44,5
482,0,2,0.8,0.75,1.5,-0.5,1.0,0.44,6
483,0,2,0.8,0.75,1.5,-0.5,1.0,0.6,4
484,0,2,0.8,0.75,1.5,-0.5,1.0,0.6,5
485,0,2,0.8,0.75,1.5,-0.5,1.0,0.6,6
486,0,2,0.8,1.0,0.5,-1.5,0.3,0.3,4
487,0,2,0.8,1.0,0.5,-1.5,0.3,0.3,5
488,0,2,0.8,1.0,0.5,-1.5,0.3,0.3,6
489,0,2,0.8,1.0,0.5,-1.5,0.3,0.44,4
490,0,2,0.8,1.0,0.5,-1.5,0.3,0.44,5
491,0,2,0.8,1.0,0.5,-1.5,0.3,0.44,6
492,0,2,0.8,1.0,0.5,-1.5,0.3,0.6,4
493,0,2,0.8,1.0,0.5,-1.5,0.3,0.6,5
494,0,2,0.8,1.0,0.5,-1.5,0.3,0.6,6
495,0,2,0.8,1.0,0.5,-1.5,0.65,0.3,4
496,0,2,0.8,1.0,0.5,-1.5,0.65,0.3,5
497,0,2,0.8,1.0,0.5,-1.5,0.65,0.3,6
498,0,2,0.8,1.0,0.5,-1.5,0.65,0.44,4
499,0,2,0.8,1.0,0.5,-1.5,0.65,0.44,5
500,0,2,0.8,1.0,0.5,-1.5,0.65,0.44,6
501,0,2,0.8,1.0,0.5,-1.5,0.65,0.6,4
502,0,2,0.8,1.0,0.5,-1.5,0.65,0.6,5
503,0,2,0.8,1.0,0.5,-1.5,0.65,0.6,6
504,0,2,0.8,1.0,0.5,-1.5,1.0,0.3,4
505,0,2,0.8,1.0,0.5,-1.5,1.0,0.3,5
506,0,2,0.8,1.0,0.5,-1.5,1.0,0.3,6
507,0,2,0.8,1.0,0.5,-1.5,1.0,0.44,4
508,0,2,0.8,1.0,0.5,-1.5,1.0,0.44,5
509,0,2,0.8,1.0,0.5,-1.5,1.0,0.44,6
510,0,2,0.8,1.0,0.5,-1.5,1.0,0.6,4
511,0,2,0.8,1.0,0.5,-1.5,1.0,0.6,5
512,0,2,0.8,1.0,0.5,-1.5,1.0,0.6,6
513,0,2,0.8,1.0,0.5,-1.0,0.3,0.3,4
514,0,2,0.8,1.0,0.5,-1.0,0.3,0.3,5
515,0,2,0.8,1.0,0.5,-1.0,0.3,0.3,6
516,0,2,0.8,1.0,0.5,-1.0,0.3,0.44,4
517,0,2,0.8,1.0,0.5,-1.0,0.3,0.44,5
518,0,2,0.8,1.0,0.5,-1.0,0.3,0.44,6
519,0,2,0.8,1.0,0.5,-1.0,0.3,0.6,4
520,0,2,0.8,1.0,0.5,-1.0,0.3,0.6,5
521,0,2,0.8,1.0,0.5,-1.0,0.3,0.6,6
522,0,2,0.8,1.0,0.5,-1.0,0.65,0.3,4
523,0,2,0.8,1.0,0.5,-1.0,0.65,0.3,5
524,0,2,0.8,1.0,0.5,-1.0,0.65,0.3,6
525,0,2,0.8,1.0,0.5,-1.0,0.65,0.44,4
526,0,2,0.8,1.0,0.5,-1.0,0.65,0.44,5
527,0,2,0.8,1.0,0.5,-1.0,0.65,0.44,6
528,0,2,0.8,1.0,0.5,-1.0,0.65,0.6,4
529,0,2,0.8,1.0,0.5,-1.0,0.65,0.6,5
530,0,2,0.8,1.0,0.5,-1.0,0.65,0.6,6
531,0,2,0.8,1.0,0.5,-1.0,1.0,0.3,4
532,0,2,0.8,1.0,0.5,-1.0,1.0,0.3,5
533,0,2,0.8,1.0,0.5,-1.0,1.0,0.3,6
534,0,2,0.8,1.0,0.5,-1.0,1.0,0.44,4
535,0,2,0.8,1.0,0.5,-1.0,1.0,0.44,5
536,0,2,0.8,1.0,0.5,-1.0,1.0,0.44,6
537,0,2,0.8,1.0,0.5,-1.0,1.0,0.6,4
538,0,2,0.8,1.0,0.5,-1.0,1.0,0.6,5
539,0,2,0.8,1.0,0.5,-1.0,1.0,0.6,6
540,0,2,0.8,1.0,0.5,-0.5,0.3,0.3,4
541,0,2,0.8,1.0,0.5,-0.5,0.3,0.3,5
542,0,2,0.8,1.0,0.5,-0.5,0.3,0.3,6
543,0,2,0.8,1.0,0.5,-0.5,0.3,0.44,4
544,0,2,0.8,1.0,0.5,-0.5,0.3,0.44,5
545,0,2,0.8,1.0,0.5,-0.5,0.3,0.44,6
546,0,2,0.8,1.0,0.5,-0.5,0.3,0.6,4
547,0,2,0.8,1.0,0.5,-0.5,0.3,0.6,5
548,0,2,0.8,1.0,0.5,-0.5,0.3,0.6,6
549,0,2,0.8,1.0,0.5,-0.5,0.65,0.3,4
550,0,2,0.8,1.0,0.5,-0.5,0.65,0.3,5
551,0,2,0.8,1.0,0.5,-0.5,0.65,0.3,6
552,0,2,0.8,1.0,0.5,-0.5,0.65,0.44,4
553,0,2,0.8,1.0,0.5,-0.5,0.65,0.44,5
554,0,2,0.8,1.0,0.5,-0.5,0.65,0.44,6
555,0,2,0.8,1.0,0.5,-0.5,0.65,0.6,4
556,0,2,0.8,1.0,0.5,-0.5,0.65,0.6,5
557,0,2,0.8,1.0,0.5,-0.5,0.65,0.6,6
558,0,2,0.8,1.0,0.5,-0.5,1.0,0.3,4
559,0,2,0.8,1.0,0.5,-0.5,1.0,0.3,5
560,0,2,0.8,1.0,0.5,-0.5,1.0,0.3,6
561,0,2,0.8,1.0,0.5,-0.5,1.0,0.44,4
562,0,2,0.8,1.0,0.5,-0.5,1.0,0.44,5
563,0,2,0.8,1.0,0.5,-0.5,1.0,0.44,6
564,0,2,0.8,1.0,0.5,-0.5,1.0,0.6,4
565,0,2,0.8,1.0,0.5,-0.5,1.0,0.6,5
566,0,2,0.8,1.0,0.5,-0.5,1.0,0.6,6
567,0,2,0.8,1.0,1.0,-1.5,0.3,0.3,4
568,0,2,0.8,1.0,1.0,-1.5,0.3,0.3,5
569,0,2,0.8,1.0,1.0,-1.5,0.3,0.3,6
570,0,2,0.8,1.0,1.0,-1.5,0.3,0.44,4
571,0,2,0.8,1.0,1.0,-1.5,0.3,0.44,5
572,0,2,0.8,1.0,1.0,-1.5,0.3,0.44,6
573,0,2,0.8,1.0,1.0,-1.5,0.3,0.6,4
574,0,2,0.8,1.0,1.0,-1.5,0.3,0.6,5
575,0,2,0.8,1.0,1.0,-1.5,0.3,0.6,6
576,0,2,0.8,1.0,1.0,-1.5,0.65,0.3,4
577,0,2,0.8,1.0,1.0,-1.5,0.65,0.3,5
578,0,2,0.8,1.0,1.0,-1.5,0.65,0.3,6
579,0,2,0.8,1.0,1.0,-1.5,0.65,0.44,4
580,0,2,0.8,1.0,1.0,-1.5,0.65,0.44,5
581,0,2,0.8,1.0,1.0,-1.5,0.65,0.44,6
582,0,2,0.8,1.0,1.0,-1.5,0.65,0.6,4
583,0,2,0.8,1.0,1.0,-1.5,0.65,0.6,5
584,0,2,0.8,1.0,1.0,-1.5,0.65,0.6,6
585,0,2,0.8,1.0,1.0,-1.5,1.0,0.3,4
586,0,2,0.8,1.0,1.0,-1.5,1.0,0.3,5
587,0,2,0.8,1.0,1.0,-1.5,1.0,0.3,6
588,0,2,0.8,1.0,1.0,-1.5,1.0,0.44,4
589,0,2,0.8,1.0,1.0,-1.5,1.0,0.44,5
590,0,2,0.8,1.0,1.0,-1.5,1.0,0.44,6
591,0,2,0.8,1.0,1.0,-1.5,1.0,0.6,4
592,0,2,0.8,1.0,1.0,-1.5,1.0,0.6,5
593,0,2,0.8,1.0,1.0,-1.5,1.0,0.6,6
594,0,2,0.8,1.0,1.0,-1.0,0.3,0.3,4
595,0,2,0.8,1.0,1.0,-1.0,0.3,0.3,5
596,0,2,0.8,1.0,1.0,-1.0,0.3,0.3,6
597,0,2,0.8,1.0,1.0,-1.0,0.3,0.44,4
598,0,2,0.8,1.0,1.0,-1.0,0.3,0.44,5
599,0,2,0.8,1.0,1.0,-1.0,0.3,0.44,6
600,0,2,0.8,1.0,1.0,-1.0,0.3,0.6,4
601,0,2,0.8,1.0,1.0,-1.0,0.3,0.6,5
602,0,2,0.8,1.0,1.0,-1.0,0.3,0.6,6
603,0,2,0.8,1.0,1.0,-1.0,0.65,0.3,4
604,0,2,0.8,1.0,1.0,-1.0,0.65,0.3,5
605,0,2,0.8,1.0,1.0,-1.0,0.65,0.3,6
606,0,2,0.8,1.0,1.0,-1.0,0.65,0.44,4
607,0,2,0.8,1.0,1.0,-1.0,0.65,0.44,5
608,0,2,0.8,1.0,1.0,-1.0,0.65,0.44,6
609,0,2,0.8,1.0,1.0,-1.0,0.65,0.6,4
610,0,2,0.8,1.0,1.0,-1.0,0.65,0.6,5
611,0,2,0.8,1.0,1.0,-1.0,0.65,0.6,6
612,0,2,0.8,1.0,1.0,-1.0,1.0,0.3,4
613,0,2,0.8,1.0,1.0,-1.0,1.0,0.3,5
614,0,2,0.8,1.0,1.0,-1.0,1.0,0.3,6
615,0,2,0.8,1.0,1.0,-1.0,1.0,0.44,4
616,0,2,0.8,1.0,1.0,-1.0,1.0,0.44,5
617,0,2,0.8,1.0,1.0,-1.0,1.0,0.44,6
618,0,2,0.8,1.0,1.0,-1.0,1.0,0.6,4
619,0,2,0.8,1.0,1.0,-1.0,1.0,0.6,5
620,0,2,0.8,1.0,1.0,-1.0,1.0,0.6,6
621,0,2,0.8,1.0,1.0,-0.5,0.3,0.3,4
622,0,2,0.8,1.0,1.0,-0.5,0.3,0.3,5
623,0,2,0.8,1.0,1.0,-0.5,0.3,0.3,6
624,0,2,0.8,1.0,1.0,-0.5,0.3,0.44,4
625,0,2,0.8,1.0,1.0,-0.5,0.3,0.44,5
626,0,2,0.8,1.0,1.0,-0.5,0.3,0.44,6
627,0,2,0.8,1.0,1.0,-0.5,0.3,0.6,4
628,0,2,0.8,1.0,1.0,-0.5,0.3,0.6,5
629,0,2,0.8,1.0,1.0,-0.5,0.3,0.6,6
630,0,2,0.8,1.0,1.0,-0.5,0.65,0.3,4
631,0,2,0.8,1.0,1.0,-0.5,0.65,0.3,5
632,0,2,0.8,1.0,1.0,-0.5,0.65,0.3,6
633,0,2,0.8,1.0,1.0,-0.5,0.65,0.44,4
634,0,2,0.8,1.0,1.0,-0.5,0.65,0.44,5
635,0,2,0.8,1.0,1.0,-0.5,0.65,0.44,6
636,0,2,0.8,1.0,1.0,-0.5,0.65,0.6,4
637,0,2,0.8,1.0,1.0,-0.5,0.65,0.6,5
638,0,2,0.8,1.0,1.0,-0.5,0.65,0.6,6
639,0,2,0.8,1.0,1.0,-0.5,1.0,0.3,4
640,0,2,0.8,1.0,1.0,-0.5,1.0,0.3,5
641,0,2,0.8,1.0,1.0,-0.5,1.0,0.3,6
642,0,2,0.8,1.0,1.0,-0.5,1.0,0.44,4
643,0,2,0.8,1.0,1.0,-0.5,1.0,0.44,5
644,0,2,0.8,1.0,1.0,-0.5,1.0,0.44,6
645,0,2,0.8,1.0,1.0,-0.5,1.0,0.6,4
646,0,2,0.8,1.0,1.0,-0.5,1.0,0.6,5
647,0,2,0.8,1.0,1.0,-0.5,1.0,0.6,6
648,0,2,0.8,1.0,1.5,-1.5,0.3,0.3,4
649,0,2,0.8,1.0,1.5,-1.5,0.3,0.3,5
650,0,2,0.8,1.0,1.5,-1.5,0.3,0.3,6
651,0,2,0.8,1.0,1.5,-1.5,0.3,0.44,4
652,0,2,0.8,1.0,1.5,-1.5,0.3,0.44,5
653,0,2,0.8,1.0,1.5,-1.5,0.3,0.44,6
654,0,2,0.8,1.0,1.5,-1.5,0.3,0.6,4
655,0,2,0.8,1.0,1.5,-1.5,0.3,0.6,5
656,0,2,0.8,1.0,1.5,-1.5,0.3,0.6,6
657,0,2,0.8,1.0,1.5,-1.5,0.65,0.3,4
658,0,2,0.8,1.0,1.5,-1.5,0.65,0.3,5
659,0,2,0.8,1.0,1.5,-1.5,0.65,0.3,6
660,0,2,0.8,1.0,1.5,-1.5,0.65,0.44,4
661,0,2,0.8,1.0,1.5,-1.5,0.65,0.44,5
662,0,2,0.8,1.0,1.5,-1.5,0.65,0.44,6
663,0,2,0.8,1.0,1.5,-1.5,0.65,0.6,4
664,0,2,0.8,1.0,1.5,-1.5,0.65,0.6,5
665,0,2,0.8,1.0,1.5,-1.5,0.65,0.6,6
666,0,2,0.8,1.0,1.5,-1.5,1.0,0.3,4
667,0,2,0.8,1.0,1.5,-1.5,1.0,0.3,5
668,0,2,0.8,1.0,1.5,-1.5,1.0,0.3,6
669,0,2,0.8,1.0,1.5,-1.5,1.0,0.44,4
670,0,2,0.8,1.0,1.5,-1.5,1.0,0.44,5
671,0,2,0.8,1.0,1.5,-1.5,1.0,0.44,6
672,0,2,0.8,1.0,1.5,-1.5,1.0,0.6,4
673,0,2,0.8,1.0,1.5,-1.5,1.0,0.6,5
674,0,2,0.8,1.0,1.5,-1.5,1.0,0.6,6
675,0,2,0.8,1.0,1.5,-1.0,0.3,0.3,4
676,0,2,0.8,1.0,1.5,-1.0,0.3,0.3,5
677,0,2,0.8,1.0,1.5,-1.0,0.3,0.3,6
678,0,2,0.8,1.0,1.5,-1.0,0.3,0.44,4
679,0,2,0.8,1.0,1.5,-1.0,0.3,0.44,5
680,0,2,0.8,1.0,1.5,-1.0,0.3,0.44,6
681,0,2,0.8,1.0,1.5,-1.0,0.3,0.6,4
682,0,2,0.8,1.0,1.5,-1.0,0.3,0.6,5
683,0,2,0.8,1.0,1.5,-1.0,0.3,0.6,6
684,0,2,0.8,1.0,1.5,-1.0,0.65,0.3,4
685,0,2,0.8,1.0,1.5,-1.0,0.65,0.3,5
686,0,2,0.8,1.0,1.5,-1.0,0.65,0.3,6
687,0,2,0.8,1.0,1.5,-1.0,0.65,0.44,4
688,0,2,0.8,1.0,1.5,-1.0,0.65,0.44,5
689,0,2,0.8,1.0,1.5,-1.0,0.65,0.44,6
690,0,2,0.8,1.0,1.5,-1.0,0.65,0.6,4
691,0,2,0.8,1.0,1.5,-1.0,0.65,0.6,5
692,0,2,0.8,1.0,1.5,-1.0,0.65,0.6,6
693,0,2,0.8,1.0,1.5,-1.0,1.0,0.3,4
694,0,2,0.8,1.0,1.5,-1.0,1.0,0.3,5
695,0,2,0.8,1.0,1.5,-1.0,1.0,0.3,6
696,0,2,0.8,1.0,1.5,-1.0,1.0,0.44,4
697,0,2,0.8,1.0,1.5,-1.0,1.0,0.44,5
698,0,2,0.8,1.0,1.5,-1.0,1.0,0.44,6
699,0,2,0.8,1.0,1.5,-1.0,1.0,0.6,4
700,0,2,0.8,1.0,1.5,-1.0,1.0,0.6,5
701,0,2,0.8,1.0,1.5,-1.0,1.0,0.6,6
702,0,2,0.8,1.0,1.5,-0.5,0.3,0.3,4
703,0,2,0.8,1.0,1.5,-0.5,0.3,0.3,5
704,0,2,0.8,1.0,1.5,-0.5,0.3,0.3,6
705,0,2,0.8,1.0,1.5,-0.5,0.3,0.44,4
706,0,2,0.8,1.0,1.5,-0.5,0.3,0.44,5
707,0,2,0.8,1.0,1.5,-0.5,0.3,0.44,6
708,0,2,0.8,1.0,1.5,-0.5,0.3,0.6,4
709,0,2,0.8,1.0,1.5,-0.5,0.3,0.6,5
710,0,2,0.8,1.0,1.5,-0.5,0.3,0.6,6
711,0,2,0.8,1.0,1.5,-0.5,0.65,0.3,4
712,0,2,0.8,1.0,1.5,-0.5,0.65,0.3,5
713,0,2,0.8,1.0,1.5,-0.5,0.65,0.3,6
714,0,2,0.8,1.0,1.5,-0.5,0.65,0.44,4
715,0,2,0.8,1.0,1.5,-0.5,0.65,0.44,5
716,0,2,0.8,1.0,1.5,-0.5,0.65,0.44,6
717,0,2,0.8,1.0,1.5,-0.5,0.65,0.6,4
718,0,2,0.8,1.0,1.5,-0.5,0.65,0.6,5
719,0,2,0.8,1.0,1.5,-0.5,0.65,0.6,6
720,0,2,0.8,1.0,1.5,-0.5,1.0,0.3,4
721,0,2,0.8,1.0,1.5,-0.5,1.0,0.3,5
722,0,2,0.8,1.0,1.5,-0.5,1.0,0.3,6
723,0,2,0.8,1.0,1.5,-0.5,1.0,0.44,4
724,0,2,0.8,1.0,1.5,-0.5,1.0,0.44,5
725,0,2,0.8,1.0,1.5,-0.5,1.0,0.44,6
726,0,2,0.8,1.0,1.5,-0.5,1.0,0.6,4
727,0,2,0.8,1.0,1.5,-0.5,1.0,0.6,5
728,0,2,0.8,1.0,1.5,-0.5,1.0,0.6,6
